   1.1568E+03  1.3765E+01  1.1359E+00
   1.0909E+03  1.3694E+01  1.1369E+00
   1.3841E+03  1.4077E+01  1.1600E+00
   1.2992E+03  1.3888E+01  1.1536E+00
   1.5742E+03  1.3173E+01  1.2215E+00
   1.4498E+03  1.3424E+01  1.2071E+00
   2.0688E+03  1.3920E+01  1.2672E+00
   1.8245E+03  1.3932E+01  1.2714E+00
   2.7508E+03  1.6019E+01  1.2262E+00
   2.4679E+03  1.6033E+01  1.2346E+00
   3.2752E+03  1.8025E+01  1.1877E+00
   2.9993E+03  1.8093E+01  1.1958E+00
   3.6187E+03  1.9792E+01  1.1581E+00
   3.3784E+03  1.9953E+01  1.1612E+00
   3.7876E+03  2.1221E+01  1.1421E+00
   3.5791E+03  2.1466E+01  1.1400E+00
   3.8404E+03  2.2341E+01  1.1363E+00
   3.6453E+03  2.2627E+01  1.1323E+00
   3.8377E+03  2.3249E+01  1.1344E+00
   3.6467E+03  2.3551E+01  1.1303E+00
   3.8098E+03  2.4015E+01  1.1340E+00
   3.6199E+03  2.4321E+01  1.1300E+00
   3.7700E+03  2.4675E+01  1.1342E+00
   3.5800E+03  2.4980E+01  1.1306E+00
   3.7240E+03  2.5253E+01  1.1349E+00
   3.5332E+03  2.5553E+01  1.1317E+00
   3.6747E+03  2.5763E+01  1.1360E+00
   3.4826E+03  2.6057E+01  1.1332E+00
   3.6237E+03  2.6216E+01  1.1373E+00
   3.4299E+03  2.6502E+01  1.1351E+00
   3.5717E+03  2.6621E+01  1.1388E+00
   3.3759E+03  2.6896E+01  1.1372E+00
