   1.0762E+03  3.6286E+00  1.3561E+00
   9.1075E+02  3.6286E+00  1.3676E+00
   1.7571E+03  5.2413E+00  1.2929E+00
   1.5274E+03  5.2413E+00  1.3060E+00
   2.3261E+03  6.8520E+00  1.2516E+00
   2.0608E+03  6.8534E+00  1.2624E+00
   2.8021E+03  8.4479E+00  1.2179E+00
   2.5230E+03  8.4586E+00  1.2285E+00
   3.1850E+03  1.0001E+01  1.1897E+00
   2.9128E+03  1.0035E+01  1.1983E+00
   3.4771E+03  1.1481E+01  1.1681E+00
   3.2234E+03  1.1552E+01  1.1733E+00
   3.6852E+03  1.2863E+01  1.1530E+00
   3.4527E+03  1.2977E+01  1.1545E+00
   3.8158E+03  1.4123E+01  1.1433E+00
   3.6013E+03  1.4278E+01  1.1419E+00
   3.8780E+03  1.5242E+01  1.1385E+00
   3.6741E+03  1.5428E+01  1.1355E+00
   3.8879E+03  1.6222E+01  1.1370E+00
   3.6870E+03  1.6423E+01  1.1337E+00
   3.8651E+03  1.7080E+01  1.1372E+00
   3.6634E+03  1.7285E+01  1.1342E+00
   3.8249E+03  1.7841E+01  1.1380E+00
   3.6216E+03  1.8045E+01  1.1353E+00
   3.7765E+03  1.8525E+01  1.1390E+00
   3.5717E+03  1.8727E+01  1.1368E+00
   3.7246E+03  1.9148E+01  1.1401E+00
   3.5185E+03  1.9346E+01  1.1383E+00
   3.6716E+03  1.9717E+01  1.1414E+00
   3.4643E+03  1.9911E+01  1.1400E+00
   3.6187E+03  2.0241E+01  1.1427E+00
   3.4102E+03  2.0431E+01  1.1418E+00

